+----+------+--------+
| id | week | amount |
+----+------+--------+
| 1  | 1    | 500    |
| 2  | 2    | 500    |
| 3  | 3    | 1500   |
| 4  | 4    | 1500   |
| 5  | 5    | 2500   |
| 6  | 6    | 2500   |
| 7  | 7    | 3500   |
| 8  | 8    | 3500   |
| 9  | 9    | 4500   |
| 10 | 10   | 4500   |
| 11 | 11   | 5500   |
| 12 | 12   | 5500   |
| 13 | 13   | 6500   |
| 14 | 14   | 6500   |
| 15 | 15   | 7500   |
| 16 | 16   | 7500   |
| 17 | 17   | 8500   |
| 18 | 18   | 8500   |
| 19 | 19   | 9500   |
| 20 | 20   | 9500   |
| 21 | 21   | 10500  |
| 22 | 22   | 10500  |
| 23 | 23   | 11500  |
| 24 | 24   | 11500  |
| 25 | 25   | 12500  |
| 26 | 26   | 12500  |
| 27 | 27   | 13500  |
| 28 | 1    | 500    |
| 29 | 2    | 500    |
| 30 | 3    | 1500   |
| 31 | 4    | 1500   |
| 32 | 5    | 2500   |
| 33 | 6    | 2500   |
| 34 | 7    | 3500   |
| 35 | 8    | 3500   |
| 36 | 9    | 4500   |
| 37 | 10   | 4500   |
| 38 | 11   | 5500   |
| 39 | 12   | 5500   |
| 40 | 13   | 6500   |
| 41 | 14   | 6500   |
| 42 | 15   | 7500   |
| 43 | 16   | 7500   |
| 44 | 17   | 8500   |
| 45 | 18   | 8500   |
| 46 | 19   | 9500   |
| 47 | 20   | 9500   |
| 48 | 21   | 10500  |
| 49 | 22   | 10500  |
| 50 | 23   | 11500  |
| 51 | 24   | 11500  |
| 52 | 25   | 12500  |
| 53 | 26   | 12500  |
| 54 | 27   | 13500  |
| 55 | 1    | 500    |
| 56 | 2    | 500    |
| 57 | 3    | 500    |
| 58 | 4    | 500    |
| 59 | 5    | 500    |
| 60 | 6    | 500    |
| 61 | 7    | 500    |
| 62 | 8    | 500    |
| 63 | 9    | 500    |
| 64 | 10   | 500    |
| 65 | 11   | 500    |
| 66 | 12   | 500    |
| 67 | 13   | 500    |
| 68 | 14   | 500    |
| 69 | 15   | 500    |
| 70 | 16   | 500    |
| 71 | 17   | 500    |
| 72 | 18   | 500    |
| 73 | 19   | 500    |
| 74 | 20   | 500    |
| 75 | 21   | 500    |
| 76 | 22   | 500    |
| 77 | 23   | 500    |
| 78 | 24   | 500    |
| 79 | 25   | 500    |
| 80 | 26   | 500    |
| 81 | 27   | 500    |
+----+------+--------+
81 rows in set
